[3793,0,0],
[9699,0,0],
[6088,0,0],
[4965,0,0],
[9013,0,0],
[2520,0,0],
[9968,0,0],
[6972,0,0],
[1332,0,0],
[3487,0,0],
[4579,0,0],
[8786,0,0],
[6237,0,0],
[8753,0,0],
[2262,0,0],
[4873,0,0],
[1023,0,0],
[9839,0,0],
[3270,0,0],
[3409,0,0],
[1672,0,0],
[4589,0,0],
[5718,0,0],
[5148,0,0],
[6666,0,0],
[1991,0,0],
[5184,0,0],
[4404,0,0],
[3268,0,0],
[4079,0,0],
[5677,0,0],
[6406,0,0],
[1752,0,0],
[5993,0,0],
[40,0,0],
[5821,0,0],
[8311,0,0],
[879,0,0],
[4503,0,0],
[4509,0,0],
[7916,0,0],
[9768,0,0],
[9054,0,0],
[2668,0,0],
[4273,0,0],
[7843,0,0],
[2576,0,0],
[6454,0,0],
[5217,0,0],
[7547,0,0],
[9309,0,0],
[6899,0,0],
[8365,0,0],
[5910,0,0],
[1045,0,0],
[9474,0,0],
[3646,0,0],
[8132,0,0],
[7734,0,0],
[991,0,0],
